50, 31, 50, 0, 50.0, 15.5
33, 200, 33, 181, 33.0, 190.5
35, 48, 35, 35, 35.0, 41.5
268, 171, 269, 162, 268.5, 166.5
50, 348, 56, 354, 53.0, 351.0
34, 211, 34, 201, 34.0, 206.0
144, 29, 153, 32, 148.5, 30.5
173, 167, 179, 161, 176.0, 164.0
164, 79, 173, 85, 168.5, 82.0
255, 300, 255, 294, 255.0, 297.0
259, 140, 262, 146, 260.5, 143.0
251, 138, 251, 152, 251.0, 145.0
53, 37, 54, 12, 53.5, 24.5
49, 32, 49, 64, 49.0, 48.0
43, 340, 67, 365, 55.0, 352.5
2, 316, 8, 309, 5.0, 312.5
218, 16, 219, 0, 218.5, 8.0
165, 46, 170, 50, 167.5, 48.0
254, 331, 254, 305, 254.0, 318.0
178, 321, 178, 317, 178.0, 319.0
256, 257, 256, 253, 256.0, 255.0
203, 75, 211, 83, 207.0, 79.0
218, 346, 220, 339, 219.0, 342.5
259, 230, 259, 222, 259.0, 226.0
13, 288, 13, 284, 13.0, 286.0
205, 39, 211, 40, 208.0, 39.5
41, 291, 44, 286, 42.5, 288.5
61, 312, 62, 316, 61.5, 314.0
34, 81, 34, 49, 34.0, 65.0
153, 217, 163, 213, 158.0, 215.0
230, 192, 240, 192, 235.0, 192.0
255, 259, 255, 269, 255.0, 264.0
221, 325, 221, 321, 221.0, 323.0
118, 206, 127, 197, 122.5, 201.5
141, 31, 148, 34, 144.5, 32.5
159, 20, 164, 25, 161.5, 22.5
217, 86, 221, 90, 219.0, 88.0
254, 247, 254, 228, 254.0, 237.5
206, 77, 211, 82, 208.5, 79.5
6, 204, 13, 204, 9.5, 204.0
258, 245, 258, 235, 258.0, 240.0
9, 172, 15, 172, 12.0, 172.0
225, 139, 232, 134, 228.5, 136.5
222, 320, 222, 314, 222.0, 317.0
173, 55, 183, 61, 178.0, 58.0
144, 359, 153, 365, 148.5, 362.0
268, 211, 273, 211, 270.5, 211.0
259, 212, 264, 213, 261.5, 212.5
109, 336, 113, 339, 111.0, 337.5
95, 336, 98, 341, 96.5, 338.5
87, 334, 90, 338, 88.5, 336.0
266, 111, 274, 119, 270.0, 115.0
262, 124, 267, 129, 264.5, 126.5
221, 17, 221, 9, 221.0, 13.0
169, 273, 169, 263, 169.0, 268.0
171, 170, 181, 160, 176.0, 165.0
256, 76, 261, 82, 258.5, 79.0
32, 164, 32, 155, 32.0, 159.5
136, 17, 140, 20, 138.0, 18.5
252, 277, 252, 282, 252.0, 279.5
157, 45, 162, 49, 159.5, 47.0
146, 60, 149, 64, 147.5, 62.0
205, 68, 220, 68, 212.5, 68.0
136, 29, 140, 30, 138.0, 29.5
34, 329, 43, 338, 38.5, 333.5
157, 56, 166, 63, 161.5, 59.5
34, 117, 35, 103, 34.5, 110.0
227, 118, 231, 116, 229.0, 117.0
234, 215, 234, 209, 234.0, 212.0
170, 255, 170, 260, 170.0, 257.5
75, 311, 81, 324, 78.0, 317.5
214, 167, 220, 166, 217.0, 166.5
280, 171, 285, 170, 282.5, 170.5
73, 40, 79, 33, 76.0, 36.5
176, 70, 179, 74, 177.5, 72.0
131, 212, 137, 218, 134.0, 215.0
173, 261, 173, 267, 173.0, 264.0
214, 143, 219, 139, 216.5, 141.0
113, 23, 120, 23, 116.5, 23.0
47, 250, 52, 258, 49.5, 254.0
171, 43, 177, 45, 174.0, 44.0
157, 191, 162, 191, 159.5, 191.0
213, 220, 214, 224, 213.5, 222.0
1, 308, 7, 308, 4.0, 308.0
113, 188, 117, 188, 115.0, 188.0
156, 72, 161, 76, 158.5, 74.0
263, 210, 267, 210, 265.0, 210.0
262, 196, 265, 186, 263.5, 191.0
150, 214, 153, 209, 151.5, 211.5
256, 289, 256, 293, 256.0, 291.0
142, 65, 149, 67, 145.5, 66.0
36, 10, 36, 24, 36.0, 17.0
241, 192, 246, 192, 243.5, 192.0
27, 208, 32, 208, 29.5, 208.0
18, 219, 25, 220, 21.5, 219.5
271, 115, 275, 119, 273.0, 117.0
263, 203, 269, 203, 266.0, 203.0
266, 180, 267, 175, 266.5, 177.5
123, 207, 130, 201, 126.5, 204.0
236, 131, 241, 131, 238.5, 131.0
27, 225, 34, 225, 30.5, 225.0
248, 199, 252, 206, 250.0, 202.5
267, 346, 294, 346, 280.5, 346.0
170, 329, 176, 331, 173.0, 330.0
179, 317, 195, 318, 187.0, 317.5
69, 291, 70, 297, 69.5, 294.0
169, 92, 174, 95, 171.5, 93.5
172, 61, 175, 66, 173.5, 63.5
288, 207, 293, 207, 290.5, 207.0
52, 38, 52, 61, 52.0, 49.5
204, 280, 208, 284, 206.0, 282.0
215, 45, 222, 47, 218.5, 46.0
268, 355, 274, 355, 271.0, 355.0
165, 364, 169, 364, 167.0, 364.0
143, 24, 149, 26, 146.0, 25.0
128, 27, 132, 28, 130.0, 27.5
76, 205, 77, 200, 76.5, 202.5
233, 204, 240, 204, 236.5, 204.0
14, 213, 18, 213, 16.0, 213.0
282, 276, 294, 278, 288.0, 277.0
271, 96, 276, 101, 273.5, 98.5
257, 164, 257, 160, 257.0, 162.0
100, 332, 106, 336, 103.0, 334.0
54, 286, 56, 291, 55.0, 288.5
216, 209, 217, 214, 216.5, 211.5
206, 167, 210, 167, 208.0, 167.0
140, 219, 149, 219, 144.5, 219.0
210, 213, 210, 209, 210.0, 211.0
136, 20, 140, 23, 138.0, 21.5
170, 29, 178, 29, 174.0, 29.0
37, 0, 37, 9, 37.0, 4.5
250, 191, 254, 191, 252.0, 191.0
245, 62, 249, 63, 247.0, 62.5
196, 369, 207, 369, 201.5, 369.0
270, 204, 274, 204, 272.0, 204.0
128, 209, 132, 205, 130.0, 207.0
88, 320, 93, 323, 90.5, 321.5
161, 187, 166, 187, 163.5, 187.0
220, 59, 226, 60, 223.0, 59.5
112, 25, 117, 26, 114.5, 25.5
24, 211, 31, 211, 27.5, 211.0
50, 196, 54, 199, 52.0, 197.5
158, 12, 164, 12, 161.0, 12.0
24, 263, 29, 264, 26.5, 263.5
5, 216, 10, 215, 7.5, 215.5
31, 131, 32, 139, 31.5, 135.0
52, 66, 65, 51, 58.5, 58.5
156, 201, 160, 201, 158.0, 201.0
128, 349, 140, 358, 134.0, 353.5
5, 271, 10, 272, 7.5, 271.5
0, 215, 4, 215, 2.0, 215.0
247, 347, 251, 346, 249.0, 346.5
253, 334, 253, 338, 253.0, 336.0
155, 65, 160, 66, 157.5, 65.5
239, 97, 243, 100, 241.0, 98.5
65, 274, 66, 280, 65.5, 277.0
190, 53, 194, 54, 192.0, 53.5
18, 173, 24, 173, 21.0, 173.0
85, 330, 86, 334, 85.5, 332.0
80, 309, 83, 314, 81.5, 311.5
285, 214, 290, 214, 287.5, 214.0
162, 27, 167, 29, 164.5, 28.0
71, 367, 75, 371, 73.0, 369.0
30, 176, 34, 176, 32.0, 176.0
150, 197, 162, 198, 156.0, 197.5
78, 193, 78, 189, 78.0, 191.0
201, 102, 209, 102, 205.0, 102.0
189, 33, 193, 33, 191.0, 33.0
18, 210, 23, 210, 20.5, 210.0
12, 225, 16, 225, 14.0, 225.0
0, 171, 5, 171, 2.5, 171.0
121, 202, 125, 198, 123.0, 200.0
31, 148, 31, 144, 31.0, 146.0
34, 123, 34, 118, 34.0, 120.5
232, 197, 240, 197, 236.0, 197.0
34, 328, 38, 332, 36.0, 330.0
158, 311, 162, 311, 160.0, 311.0
274, 153, 275, 148, 274.5, 150.5
